1.0 10.0 2.0
2.0 11.0 3.0
3.0 12.0 4.0
4.0 13.0 5.0
5.0 14.0 6.0
6.0 15.0 7.0
7.0 16.0 8.0
8.0 17.0 9.0
10.0 18.0 11.0
11.0 19.0 12.0
12.0 20.0 13.0
13.0 21.0 14.0
14.0 22.0 15.0
15.0 23.0 16.0
16.0 24.0 17.0
18.0 25.0 19.0
19.0 26.0 20.0
20.0 27.0 21.0
21.0 28.0 22.0
22.0 29.0 23.0
23.0 30.0 24.0
25.0 31.0 26.0
26.0 32.0 27.0
27.0 33.0 28.0
28.0 34.0 29.0
29.0 35.0 30.0
31.0 36.0 32.0
32.0 37.0 33.0
33.0 38.0 34.0
34.0 39.0 35.0
36.0 40.0 37.0
37.0 41.0 38.0
38.0 42.0 39.0
40.0 43.0 41.0
41.0 44.0 42.0
43.0 45.0 44.0
11.0 2.0 10.0
12.0 3.0 11.0
13.0 4.0 12.0
14.0 5.0 13.0
15.0 6.0 14.0
16.0 7.0 15.0
17.0 8.0 16.0
19.0 11.0 18.0
20.0 12.0 19.0
21.0 13.0 20.0
22.0 14.0 21.0
23.0 15.0 22.0
24.0 16.0 23.0
26.0 19.0 25.0
27.0 20.0 26.0
28.0 21.0 27.0
29.0 22.0 28.0
30.0 23.0 29.0
32.0 26.0 31.0
33.0 27.0 32.0
34.0 28.0 33.0
35.0 29.0 34.0
37.0 32.0 36.0
38.0 33.0 37.0
39.0 34.0 38.0
41.0 37.0 40.0
42.0 38.0 41.0
44.0 41.0 43.0
